.Random.seed <-
c(403L, 10L, -1528112429L, 778744049L, 1751235616L, -705877314L, 
-2077417783L, 183041147L, 639128138L, -1311414612L, -477666897L, 
-465499803L, 1928402716L, -1667327118L, -1183991827L, 1060419623L, 
585711694L, -356735832L, 742116011L, 468484041L, 913986520L, 
2076013190L, 2073371489L, -143939853L, 1040243042L, 584673236L, 
-1786096937L, 156235981L, -1811771292L, 1212644938L, 656239541L, 
1949406991L, 1295246358L, -2110517568L, 1812469891L, 1466922145L, 
-1119102320L, -19248786L, -765057255L, -998450261L, 1803512218L, 
1772154204L, 1924023391L, -715359179L, -331094068L, 985445154L, 
1804397949L, 32439927L, 1529259934L, 829900376L, 640118715L, 
1297432921L, -1732543768L, 1369047830L, -2041150319L, -900835005L, 
1678472274L, 1032210148L, -529465049L, -973246083L, -401508236L, 
507951706L, -1809951067L, 1245480127L, -1843701946L, -428042800L, 
-1022146573L, -138019055L, -832372928L, -822950114L, 1250162665L, 
640212251L, -1257998550L, -1538357172L, 76709903L, 2097630021L, 
793566460L, -1630803118L, 2063051981L, 673418375L, 10409838L, 
-287135416L, -150041269L, -1553215319L, 792891896L, -1250991834L, 
-1654947263L, 611920851L, 1132059010L, -1258426956L, -1296877257L, 
1451764781L, -1089201852L, 1827294826L, 1763354837L, -246593937L, 
692163446L, -2047032160L, -294920861L, 719154689L, -818729616L, 
1803988238L, 1402138489L, -586477813L, -630173638L, 1337777980L, 
-148841345L, 1235316693L, 798409196L, -1453853886L, -795616099L, 
187131159L, 1887673470L, -586025928L, -1723985125L, -1210312583L, 
309706952L, 1972390134L, -1652483791L, -2121191069L, 1220518706L, 
-1531335548L, 1817336007L, -1155398755L, 1080698644L, -790995526L, 
1577090053L, 1270829535L, 46650470L, -1580502032L, -668119789L, 
-1256394063L, 1738349920L, -1987374338L, 828313225L, 195508667L, 
-1613814902L, 1455229548L, 476759023L, 163310629L, -1017842468L, 
819251890L, -2139378259L, -1741967001L, -467448178L, -848898200L, 
-1880060053L, -407774967L, -1789440104L, 1807578822L, -1182481375L, 
76517555L, 1841449506L, 1414810644L, -1154506601L, 1806176909L, 
-1148648540L, -2068742774L, -1229854219L, 1386103887L, 1826399062L, 
1852021248L, -1368640701L, 591958753L, 66650192L, 952623278L, 
974885977L, -1681218453L, -817305126L, -1824148836L, 1887947935L, 
-451232011L, 1117750156L, -763030942L, 757278269L, -1292236617L, 
-323225762L, -2070529384L, -983094789L, -1768598631L, 46214184L, 
-1701389098L, 462358865L, -504682493L, 1230548882L, -1174831836L, 
-153529369L, -1231181763L, -1444849996L, 1300299034L, -201814427L, 
-2089057537L, 466048902L, -1076287216L, 871307699L, 771605073L, 
-1387343360L, -237908258L, 1665959209L, 2028505307L, -633122838L, 
-2030014580L, 2090836175L, -2019843963L, -1578704068L, 258038290L, 
-1729105651L, 1727330887L, -412786642L, 310646152L, 117927051L, 
-1708898711L, 93035064L, -302495002L, 1919346305L, -1545786861L, 
-503280190L, 19809908L, -34219913L, 1804147053L, 1105812996L, 
-575075030L, -625120619L, 472899887L, 420541494L, 1471615072L, 
1029158563L, 72446401L, 367103408L, 273584784L, 2060793634L, 
-294554104L, -1975672052L, 1200350108L, 1340496914L, -732681344L, 
-1665795308L, 647460136L, -1070755782L, -1545206832L, -1675593108L, 
1258540084L, 2073219218L, -1364592288L, -677503668L, -2028988960L, 
2037586850L, -1722467416L, 1193647244L, -636832836L, -355670926L, 
-1730566160L, 1913701444L, 1590995032L, 310370362L, 1119201392L, 
1465458236L, -390404332L, 2027276994L, -1655385376L, -1132723076L, 
-403141424L, 2020840354L, 2090880552L, -1510039284L, 265521084L, 
-1312149198L, -980715328L, 1655075380L, -1570039096L, -401243462L, 
1643531408L, 1810138860L, -425142700L, 928048786L, -1806924000L, 
1339250636L, -1326102304L, 1846857410L, 1591088168L, 1063517100L, 
1473882812L, -590265870L, -1218771408L, 808671140L, 1147576760L, 
-804340902L, 1320817808L, 988240764L, 572579604L, 49913154L, 
691490560L, -84354116L, 104972112L, -441245406L, 1740753480L, 
-99657716L, -55243684L, 1812566482L, 911570432L, -1113788076L, 
-883752728L, 1539420410L, -1784994096L, -2057631444L, -1292052236L, 
1036610962L, -2112935584L, -1619728372L, 971016928L, -236092830L, 
-859456856L, -1105577396L, 2052827004L, 371600690L, -366770576L, 
-1555973308L, 1116751832L, 1765097338L, 1369853488L, 720435132L, 
-2000767404L, -456284094L, -1026744160L, -283398468L, 850135504L, 
2034500450L, 1073087208L, 1635778764L, -1049124356L, -53294606L, 
1913592448L, 546108916L, 145622664L, 1586429754L, -1157872816L, 
-1329392532L, 2058557844L, 1881121874L, -435983904L, -34292532L, 
91581600L, -807029374L, -1451466520L, 1814519532L, 2103422268L, 
-1293796238L, -966049680L, -1141712860L, -308122568L, -621414630L, 
-1669186352L, -1737574596L, -733587564L, 1151110018L, -1746472512L, 
-829018564L, 1215726992L, -1739823582L, -885990136L, -983103860L, 
-2099276004L, 1774936210L, 1823795584L, 1077329428L, -538710232L, 
594825786L, 159225296L, 1799653740L, 816153524L, -1650980846L, 
1474334176L, -2145648692L, 1175838944L, -443123678L, 306823464L, 
483810828L, 438804284L, 1726528498L, -2116416784L, 1587160644L, 
1864770136L, 3702586L, 1198560752L, -1020457284L, 316758292L, 
86481602L, -1150989216L, 1269937020L, 696649680L, 589349154L, 
-377533784L, 1050555276L, -1680086852L, -324032718L, 1445489216L, 
-2112576332L, -1145456056L, -2031534662L, -1318249968L, -1792283924L, 
-1235113644L, -1466056430L, 105749920L, -354428212L, 1838120544L, 
-1836482622L, -18694360L, -2102702164L, -1614679236L, -332641934L, 
-1705190608L, -817347292L, 1813003064L, -2068850982L, 824295312L, 
1048424188L, 2046092180L, -734693310L, -1518828288L, -1075256260L, 
-1767956144L, 2119264418L, 1151359304L, -1523964148L, -1204825380L, 
715607378L, 2134498432L, -773054380L, -826869784L, -1384300294L, 
204041040L, 1434214188L, 1717049716L, 1116998546L, 30648416L, 
582182284L, -2095629472L, -305722910L, -2028409944L, -400417588L, 
-1223723012L, -373127758L, 1575218672L, 1953602500L, 1565203800L, 
444805498L, -375149648L, -2001043012L, 220522580L, 1740689346L, 
-758130656L, 1910462652L, -1303477680L, 1471736802L, -437385112L, 
1026607634L, -1829700121L, -2067142223L, 1721262070L, 323125780L, 
-1773015771L, -643695057L, 2060995560L, 59841734L, 978635123L, 
-1219677739L, 898532786L, 1026694016L, -1492402327L, -1813974053L, 
1565702956L, -654482118L, -255599633L, -1465307527L, -135841522L, 
-1790121764L, 1520394061L, -1850028361L, -1860002752L, 1494201630L, 
-2091929621L, 2064896877L, -1744854566L, -1629783144L, -59506175L, 
-1900022861L, 1614369492L, -1116367902L, -1380800905L, 42721217L, 
767802694L, 562547844L, 71864885L, -991487457L, -1140736648L, 
-218350506L, 763412707L, 61130405L, -977376446L, -7487184L, -232810151L, 
-833234229L, -1730428100L, -321410198L, -971748961L, 2067693609L, 
-660022594L, 352918444L, 1324509437L, -1244576697L, -105536720L, 
2077664334L, 2134788219L, 70962141L, -264678902L, 640227112L, 
-1731376751L, 625610627L, 2129011844L, 982876850L, 1179096583L, 
2012567121L, 1629531606L, -2142502732L, -251773755L, 700710415L, 
1545008776L, -777503834L, -625577133L, -1611014987L, 235739666L, 
-721291296L, -185111991L, -131112837L, 1054323020L, 2143691994L, 
988366031L, -2135650151L, 2028391598L, 2117171644L, -628456915L, 
-471255593L, 1817271328L, 1195245950L, -1661563061L, 1059853645L, 
-719987846L, -772637256L, 1224957793L, -1633233133L, 61828916L, 
2018753858L, -1613909673L, 363445409L, -1323915930L, -1856764060L, 
1195402901L, 449798079L, -750853288L, 1357947254L, -36428925L, 
-183189051L, 665618146L, 1561659216L, -1488092551L, -919951957L, 
1423928092L, 986823754L, 1886136383L, -1151485815L, -531112802L, 
1138706764L, 1453986077L, -199492441L, 2018462672L, -727469202L, 
1573941787L, -1219701891L, 132690282L, -498012152L, -1009313615L, 
-1620723933L, 352506916L, 1506608850L, 2102436647L, -1761073807L, 
718908342L, -1348497580L, -451622427L, 1870754799L, -66239704L, 
-1391557754L, -114409549L, 848475925L, -196353678L, 1672373696L, 
1161811497L, 1726048923L, 668062572L, 1180478330L, 62690479L, 
